1 0 0 0
1 0 0 0
0 1 7fff 8000
0 1 7fff 8000
0 1 7fff 8000
1 0 0 0
1 0 0 0
0 1 7fff 0
0 1 0 0
0 1 0 0
0 0 0 0
0 1 0 8000
0 0 0 0
0 1 0 0
0 0 0 0
0 1 0 0
0 1 0 0
0 1 0 0
0 1 0 0
0 0 0 0
0 1 0 0
0 1 0 0
0 1 0 0
0 1 0 0
0 0 0 0
0 1 0 0
0 1 0 0
0 1 0 0
0 0 0 0
0 1 0 0
0 1 0 0
0 1 0 0
0 1 0 0
0 1 0 0
0 1 0 0
0 1 0 0
0 1 0 0
0 1 0 0
0 1 0 0
0 1 0 0
0 1 0 0
0 1 0 0
0 1 0 0
0 1 0 0
0 1 0 0
0 1 0 0
0 1 0 0
0 1 0 0
0 1 0 0
0 1 0 0
0 0 0 0
0 1 0 0
0 1 0 0
0 1 0 0
0 1 0 0
0 1 0 0
0 1 0 0
0 1 0 0
0 1 0 0
0 1 0 0
0 1 0 0
0 1 0 0
0 1 0 0
0 0 0 0
0 1 0 0
0 1 0 0
0 1 0 0
0 1 0 0
0 0 0 0
0 1 0 0
0 1 0 0
0 1 0 0
0 1 0 0
0 1 0 0
0 1 0 0
0 0 0 0
0 1 0 0
0 1 0 0
0 1 0 0
0 1 0 0
0 0 0 0
0 1 0 0
0 0 0 0
0 1 0 0
0 1 0 0
0 0 0 0
0 1 0 0
0 1 0 0
0 1 0 0
0 1 0 0
0 0 0 0
0 1 0 0
0 1 0 0
0 1 0 0
0 1 0 0
0 1 0 0
0 1 0 0
0 1 0 0
0 1 0 0
0 1 0 0
0 1 0 0
0 1 0 0
0 0 0 0
0 1 0 0
0 1 0 0
0 1 0 0
0 1 0 0
0 1 0 0
0 1 0 0
0 1 0 0
0 0 0 0
0 1 0 0
0 1 0 0
0 0 0 0
0 1 7fff 8000
0 1 7fff 8000
0 0 0 0
0 1 7fff 8000
0 1 7fff 8000
0 1 7fff 8000
0 1 7fff 8000
0 1 7fff 8000
0 1 7fff 8000
0 1 7fff 8000
0 1 7fff 8000
0 1 7fff 8000
0 0 0 0
0 1 7fff 8000
0 0 0 0
0 1 7fff 8000
0 1 7fff 8000
0 1 7fff 8000
0 1 7fff 8000
0 1 7fff 8000
0 1 7fff 8000
0 1 7fff 8000
0 1 7fff 8000
0 0 0 0
0 1 7fff 8000
0 1 7fff 8000
0 1 7fff 8000
0 1 7fff 8000
0 1 7fff 8000
0 1 7fff 8000
0 1 7fff 8000
0 1 7fff 8000
0 1 7fff 8000
0 1 7fff 8000
0 1 7fff 8000
0 1 7fff 8000
0 1 7fff 8000
0 1 7fff 8000
0 0 0 0
0 1 7fff 8000
0 1 7fff 8000
0 1 7fff 8000
0 1 7fff 8000
0 1 7fff 8000
0 1 7fff 8000
0 1 7fff 8000
0 1 7fff 8000
0 1 7fff 8000
0 1 7fff 8000
0 1 7fff 8000
0 1 7fff 8000
0 1 7fff 8000
0 1 7fff 8000
0 1 7fff 8000
0 1 7fff 8000
0 1 7fff 8000
0 1 7fff 8000
0 1 7fff 8000
0 1 7fff 8000
0 1 7fff 8000
0 1 7fff 8000
0 1 7fff 8000
0 1 7fff 8000
0 1 7fff 8000
0 1 7fff 8000
0 1 7fff 8000
0 0 0 0
0 1 7fff 8000
0 1 7fff 8000
0 1 7fff 8000
0 1 7fff 8000
0 1 7fff 8000
0 0 0 0
0 1 7fff 8000
0 1 7fff 8000
0 1 7fff 8000
0 1 7fff 8000
0 1 7fff 8000
0 1 7fff 8000
0 0 0 0
0 1 7fff 8000
0 1 7fff 8000
0 1 7fff 8000
0 1 7fff 8000
0 1 7fff 8000
0 1 7fff 8000
0 1 7fff 8000
0 1 7fff 8000
0 0 0 0
0 1 7fff 8000
0 1 7fff 8000
0 1 7fff 8000
0 1 7fff 8000
0 0 0 0
0 1 7fff 8000
0 1 7fff 8000
0 1 7fff 8000
0 1 7fff 8000
0 1 7fff 8000
0 0 0 0
0 1 7fff 8000
0 1 7fff 8000
0 0 0 0
0 1 7fff 8000
0 1 7fff 8000
0 1 7fff 8000
0 1 7fff 8000
0 1 7fff 8000
0 0 0 0
0 1 7fff 8000
0 0 0 0
0 1 7fff 8000
0 1 7fff 8000
0 1 7fff 8000
0 1 7fff 8000
0 1 7fff 8000
0 1 7fff 8000
0 1 7fff 8000
0 1 7fff 8000
0 1 7fff 8000
0 1 7fff 8000
0 1 7fff 8000
0 1 7fff 8000
0 0 0 0
0 1 7fff 8000
0 0 0 0
0 1 0 0
0 1 0 0
0 1 0 0
0 1 0 0
0 0 0 0
0 1 0 0
0 0 0 0
0 1 0 0
0 1 0 0
0 1 0 0
0 0 0 0
0 1 0 0
0 1 0 0
0 1 0 0
0 1 0 0
0 1 0 0
0 1 0 0
0 1 0 0
0 1 0 0
0 1 0 0
0 0 0 0
0 1 0 0
0 1 0 0
0 1 0 0
0 0 0 0
0 1 0 0
0 0 0 0
0 1 0 0
0 1 0 0
0 1 0 0
0 1 0 0
0 1 0 0
0 0 0 0
0 1 0 0
0 1 0 0
0 1 0 0
0 1 0 0
0 1 0 0
0 1 0 0
0 1 0 0
0 1 0 0
0 1 0 0
0 1 0 0
0 1 0 0
0 1 0 0
0 1 0 0
0 1 0 0
0 1 0 0
0 1 0 0
0 1 0 0
0 1 0 0
0 1 0 0
0 1 0 0
0 1 0 0
0 1 0 0
0 1 0 0
0 1 0 0
0 1 0 0
0 1 0 0
0 1 0 0
0 1 0 0
0 1 0 0
0 1 0 0
0 1 0 0
0 1 0 0
0 1 0 0
0 1 0 0
0 0 0 0
0 1 0 0
0 1 0 0
0 1 0 0
0 1 0 0
0 1 0 0
0 1 0 0
0 1 0 0
0 1 0 0
0 1 0 0
0 1 0 0
0 1 0 0
0 1 0 0
0 1 0 0
0 1 0 0
0 1 0 0
0 1 0 0
0 1 0 0
0 1 0 0
0 1 0 0
0 1 0 0
0 1 0 0
0 1 0 0
0 1 0 0
0 1 0 0
0 0 0 0
0 1 0 0
0 1 0 0
0 0 0 0
0 1 0 0
0 1 0 0
0 1 0 0
0 1 0 0
0 1 0 0
0 1 0 0
0 1 0 0
0 1 0 0
0 1 0 0
0 1 0 0
0 1 0 0
0 1 0 0
0 1 0 0
0 1 0 0
0 1 0 0
0 1 0 0
0 1 0 0
0 1 0 0
0 0 0 0
0 1 0 0
0 1 0 0
0 1 0 0
0 1 0 0
0 1 0 0
0 1 0 0
0 1 0 0
0 1 0 0
0 1 0 0
0 0 0 0
0 1 0 0
0 1 0 0
0 1 0 0
0 1 0 0
0 1 0 0
0 1 0 0
0 1 0 0
0 1 0 0
0 1 0 0
0 1 0 0
0 0 0 0
0 1 0 0
0 1 0 0
0 1 0 0
0 1 0 0
0 0 0 0
0 1 0 0
0 0 0 0
0 1 0 0
0 1 0 0
0 1 0 0
0 1 0 0
0 1 0 0
0 0 0 0
0 1 0 0
0 0 0 0
0 1 0 0
0 1 0 0
0 1 0 0
0 0 0 0
0 1 0 0
0 1 0 0
0 1 0 0
0 1 0 0
0 1 0 0
0 1 0 0
0 1 0 0
0 1 0 0
0 1 0 0
0 1 0 0
0 1 0 0
0 1 0 0
0 1 0 0
0 1 0 0
0 1 0 0
0 1 0 0
0 1 0 0
0 0 0 0
0 1 0 0
0 1 0 0
0 1 0 0
0 0 0 0
0 1 0 0
0 1 0 0
0 1 0 0
0 1 0 0
0 0 0 0
0 1 0 0
0 0 0 0
0 1 0 0
0 0 0 0
0 1 0 0
0 0 0 0
0 1 0 0
0 1 0 0
0 0 0 0
0 1 0 0
0 1 0 0
0 0 0 0
0 1 0 0
0 1 0 0
0 1 0 0
0 1 0 0
0 1 0 0
0 1 0 0
0 1 0 0
0 1 0 0
0 1 0 0
0 0 0 0
0 1 0 0
0 1 0 0
0 1 0 0
0 1 0 0
0 1 0 0
0 1 0 0
0 1 0 0
0 1 0 0
0 1 0 0
0 1 0 0
0 1 0 0
0 1 0 0
0 1 0 0
0 1 0 0
0 1 0 0
0 0 0 0
0 1 0 0
0 1 0 0
0 1 0 0
0 1 0 0
0 1 0 0
0 1 0 0
0 1 0 0
0 1 0 0
0 0 0 0
0 1 0 0
0 1 0 0
0 1 0 0
0 0 0 0
0 1 0 0
0 1 0 0
0 0 0 0
0 1 0 0
0 1 0 0
0 1 0 0
0 1 0 0
0 1 0 0
0 1 0 0
0 0 0 0
0 1 0 0
0 1 0 0
0 1 0 0
0 1 0 0
0 0 0 0
0 1 0 0
0 1 0 0
0 1 0 0
0 1 0 0
0 1 0 0
0 0 0 0
0 0 0 0
0 0 0 0
0 0 0 0
0 0 0 0
0 0 0 0
0 0 0 0
0 0 0 0
0 0 0 0
0 0 0 0
0 0 0 0
0 0 0 0
0 0 0 0
0 0 0 0
0 0 0 0
0 0 0 0
1 0 0 0
1 0 0 0
0 1 7fff 8000
0 1 7fff 8000
0 1 7fff 8000
1 0 0 0
1 0 0 0
0 1 994b 5fb6
0 1 ad75 e77f
0 1 bde5 4f71
0 1 8ef5 fd41
0 1 ba4b d5e6
0 1 77e4 353e
0 1 5983 1355
0 1 a329 26db
0 1 8b72 c49e
0 1 bab8 7e28
0 1 21f4 5d2c
0 1 9a1f c39c
0 0 0 0
0 1 7cd8 98bf
0 1 1b90 aae2
0 1 a31e d166
0 1 4473 30e1
0 1 d310 e979
0 0 0 0
0 1 7809 67a2
0 1 4544 21ee
0 0 0 0
0 1 1dc 3e63
0 1 dde8 6076
0 0 0 0
0 1 5997 1baf
0 1 fce7 d352
0 1 712c ff03
0 1 2653 53fb
0 0 0 0
0 1 fc00 b3e6
0 1 71a9 c2ac
0 0 0 0
0 1 142d 2cf3
0 1 5cb8 9f38
0 1 4058 ee4d
0 1 2f41 b735
0 1 f265 c1c2
0 1 e989 7588
0 1 672f f889
0 1 f612 6aa0
0 1 511d 9d4c
0 1 ce00 c19
0 1 7c39 1332
0 1 637f a2f6
0 0 0 0
0 1 a450 707f
0 0 0 0
0 1 76ee f46c
0 1 a90c 80b9
0 1 5119 16ff
0 1 48d0 f62e
0 1 20b7 cd52
0 0 0 0
0 1 c84f 8cb5
0 1 a029 29b8
0 0 0 0
0 1 ced1 3357
0 1 2723 e8b9
0 1 4411 dea
0 0 0 0
0 1 74b9 d16a
0 1 4a78 dff2
0 1 3233 fdde
0 0 0 0
0 1 fa91 dbdd
0 1 3cbd eadc
0 1 77c6 cf63
0 1 aae be8b
0 1 f366 ed10
0 1 7009 d71a
0 0 0 0
0 1 b0e0 f8b7
0 1 3dd2 6073
0 1 2301 ff8b
0 1 1133 9b3c
0 0 0 0
0 1 11c3 e83e
0 1 844e 30dd
0 0 0 0
0 1 f0de b551
0 1 f52a d443
0 1 82b ddf1
0 1 bffd f607
0 1 90bb 924d
0 1 9808 acc7
0 1 5e7e b561
0 1 f726 b2c1
0 1 bf72 f896
0 0 0 0
0 1 851b 9995
0 1 6dbd f15
0 1 4a6a 6614
0 0 0 0
0 1 1940 9856
0 1 faf4 25be
0 0 0 0
0 1 623b 8816
0 1 6da7 4a2b
0 0 0 0
0 1 aa87 f707
0 1 675e dc4c
0 1 400 3452
0 1 cbff f39c
0 1 1442 1065
0 1 4953 5941
0 1 2920 81b3
0 1 f6fb 3a95
0 1 57fc 3b1b
0 1 a897 1a96
0 1 1bab 5b45
0 1 14bf b3c6
0 1 678f 26c4
0 1 6ddb 6335
0 1 f726 901e
0 1 27d bed2
0 1 f9b7 95a6
0 1 1b27 749f
0 1 d97d 6db2
0 1 2cd2 7bc2
0 1 bed7 afd1
0 1 9af9 1bf3
0 1 732e b46d
0 0 0 0
0 1 e004 bd99
0 0 0 0
0 1 673c 312d
0 1 a566 c186
0 1 830c 7343
0 0 0 0
0 1 49e2 20f7
0 1 e659 a73f
0 1 d4dd 8ece
0 1 746d 4482
0 1 ba8b 187
0 1 9b8b 2664
0 1 f50f a81d
0 1 664a b5a0
0 1 aa48 5ead
0 0 0 0
0 1 c0b1 e2ee
0 1 8ccb d4e1
0 1 452a 74a3
0 1 316d f8ec
0 1 4722 a4e7
0 1 6738 a49f
0 1 6a2e c9b7
0 0 0 0
0 1 f949 891e
0 1 92f5 cec8
0 0 0 0
0 1 61c2 2838
0 1 f553 7e9b
0 0 0 0
0 1 b702 87f2
0 1 2f3f b83f
0 1 12d 5351
0 1 ded4 7374
0 1 717 f08e
0 1 3378 c0d7
0 1 a7d c48
0 1 a0cb 14e6
0 0 0 0
0 1 9ba9 8008
0 0 0 0
0 1 6433 4e28
0 1 6c46 fd46
0 1 bd8f 3726
0 1 9ca b010
0 1 fe33 4134
0 1 4d65 e906
0 1 1492 71f5
0 1 1e92 887
0 1 4d05 2d04
0 1 39bb da12
0 1 e382 a78e
0 1 789f 62e1
0 1 9c03 3588
0 1 939e b72c
0 0 0 0
0 1 425c c1cf
0 1 3d4d 5d5c
0 1 e2d3 e5d7
0 1 5baa 6a8
0 1 9845 31d2
0 1 a42f e77a
0 1 4ee4 9d1d
0 1 cb4d 4737
0 1 391e 22ee
0 1 41a0 40bb
0 1 d5b5 d9f3
0 1 21db b0f6
0 1 312c c778
0 0 0 0
0 1 7578 65f7
0 0 0 0
0 1 e92f 26e0
0 1 1501 ead0
0 1 ddd2 a130
0 1 278a 7b71
0 1 8211 f20c
0 0 0 0
0 1 fe94 b1d6
0 0 0 0
0 1 91aa e479
0 1 f722 74de
0 1 891e 18d1
0 1 8f65 26ba
0 1 3944 72ba
0 1 49ff af90
0 1 ce7f 2bda
0 1 a09e a4d
0 1 fb9d 93ad
0 1 21c4 ca39
0 1 4448 e4e3
0 1 7d78 70f1
0 1 7612 c55f
0 1 9ebf 6653
0 1 5053 a87f
0 1 a991 e82
0 1 544 5a1f
0 1 e0d4 ab65
0 1 4ba8 72e7
0 1 444 d400
0 1 bdc0 6992
0 1 dba4 cfdf
0 1 fa5c f975
0 1 875d ce29
0 1 92d 73d
0 1 89a5 9b33
0 1 a87b 9f96
0 1 c1bc 5b0e
0 1 a9c0 44f0
0 1 4d37 91a6
0 1 6d75 1530
0 0 0 0
0 1 2974 ef34
0 1 9857 d0d4
0 1 ea54 16dc
0 1 9b94 2d2c
0 1 5bed 68e8
0 1 444d 9d75
0 1 162e 1ae5
0 1 fc8 fa5d
0 1 2e71 d4e
0 1 ba1d 35d8
0 0 0 0
0 1 880a b37d
0 1 6762 e284
0 1 2cb5 42ec
0 0 0 0
0 1 b204 de1
0 1 72ca 48fa
0 0 0 0
0 1 61b8 b484
0 1 4c 8a86
0 1 8d5e bac3
0 1 335d ce70
0 0 0 0
0 1 94b7 6d6b
0 1 7d67 2cf5
0 1 ddb3 204a
0 1 20c 8faf
0 1 441d 279c
0 1 d558 b017
0 1 749 d75
0 1 c43a 7b8b
0 1 34d9 6fa1
0 1 699e b37e
0 1 d4d2 d2
0 1 4339 cf54
0 0 0 0
0 1 d06a daba
0 1 d685 281c
0 1 36d0 948f
0 1 b58d 316f
0 1 d0f6 9ae8
0 1 9e9d 1922
0 1 65ae 73e5
0 1 551e 7306
0 0 0 0
0 1 a7a0 a9e4
0 1 f167 c007
0 1 6677 1be1
0 1 abcf 5a9e
0 1 61cd 5479
0 0 0 0
0 1 d209 7208
0 0 0 0
0 1 b188 a5bc
0 1 c15c 22bc
0 1 fe68 ce78
0 1 3767 f279
0 1 e8cd a86d
0 1 a26a 4ddc
0 1 cc8b cb33
0 1 4dc 65a6
0 1 2b4b ae48
0 1 7063 5e2e
0 1 732a e3e5
0 0 0 0
0 1 1d56 8410
0 1 73b 50da
0 1 da3e 4c4b
0 1 a874 e130
0 1 acd5 5358
0 1 5589 8bac
0 1 cfe5 5065
0 1 db42 9d23
0 1 36c8 994f
0 1 f986 b57f
0 1 977 774a
0 0 0 0
0 1 36fd 5ab6
0 0 0 0
0 1 ddc2 15a3
0 1 f268 c012
0 1 3ed3 b3ec
0 0 0 0
0 1 aab9 bb8d
0 1 e0b6 f69b
0 1 3c1c 550f
0 0 0 0
0 1 a4c5 6831
0 1 a1a9 1ee5
0 1 b7e9 2e47
0 1 325a 78c3
0 1 6c27 a20b
0 1 1159 2293
0 1 e07f b90d
0 0 0 0
0 1 b37d 6cd3
0 1 c660 50f7
0 1 adcd 29aa
0 1 b035 be31
0 1 d296 6195
0 0 0 0
0 1 56ae 729f
0 1 f421 d1a4
0 1 8f25 97fa
0 1 cd5f a97f
0 1 7d45 dc3f
0 1 4606 ff2f
0 1 1fc4 c7dc
0 1 68eb 364b
0 1 df67 cf2a
0 1 2e48 f89a
0 1 a6b4 58e5
0 0 0 0
0 1 ce33 892b
0 1 b1bc 4847
0 1 fb63 5d93
0 1 1cca b81c
0 1 8e8b bf7b
0 1 34f7 5323
0 1 e148 4412
0 1 ce02 6e89
0 1 8462 d8
0 1 cb70 ef55
0 1 c06d 8665
0 1 da91 8420
0 1 2755 9bab
0 0 0 0
0 1 e701 dd6a
0 1 e840 6572
0 1 da5e 6ce9
0 0 0 0
0 1 f45f b985
0 1 5798 4a68
0 1 e1a7 956a
0 1 7744 610b
0 1 4194 4a2e
0 1 846c 6bf6
0 1 ae78 d182
0 1 edae 89f3
0 1 aa15 8c1a
0 1 b17c 8aa5
0 1 f85a 4db
0 0 0 0
0 1 91d4 4995
0 1 f981 7a0d
0 0 0 0
0 1 531c d1ae
0 1 a6ae 9a6d
0 1 0 0
0 0 0 0
0 1 0 0
0 1 0 0
0 1 0 0
0 1 0 0
0 1 0 0
0 0 0 0
0 1 0 0
0 1 0 0
0 0 0 0
0 1 0 0
0 1 0 0
0 1 0 0
0 1 0 0
0 1 0 0
0 1 0 0
0 1 0 0
0 1 0 0
0 1 0 0
0 0 0 0
0 1 0 0
0 1 0 0
0 1 0 0
0 1 0 0
0 1 0 0
0 1 0 0
0 1 0 0
0 0 0 0
0 1 0 0
0 1 0 0
0 1 0 0
0 1 0 0
0 1 0 0
0 1 0 0
0 1 0 0
0 1 0 0
0 1 0 0
0 1 0 0
0 1 0 0
0 1 0 0
0 0 0 0
0 1 0 0
0 0 0 0
0 1 0 0
0 1 0 0
0 1 0 0
0 1 0 0
0 1 0 0
0 1 0 0
0 1 0 0
0 1 0 0
0 1 0 0
0 0 0 0
0 1 0 0
0 1 0 0
0 1 0 0
0 1 0 0
0 0 0 0
0 1 0 0
0 1 0 0
0 1 0 0
0 0 0 0
0 1 0 0
0 1 0 0
0 0 0 0
0 1 0 0
0 0 0 0
0 1 0 0
0 1 0 0
0 1 0 0
0 1 0 0
0 1 0 0
0 1 0 0
0 1 0 0
0 1 0 0
0 0 0 0
0 1 0 0
0 1 0 0
0 1 0 0
0 1 0 0
0 1 0 0
0 1 0 0
0 1 0 0
0 0 0 0
0 1 0 0
0 0 0 0
0 1 0 0
0 1 0 0
0 0 0 0
0 1 0 0
0 0 0 0
0 1 0 0
0 1 0 0
0 1 0 0
0 1 0 0
0 1 0 0
0 1 0 0
0 1 0 0
0 1 0 0
0 1 0 0
0 1 0 0
0 1 0 0
0 1 0 0
0 1 0 0
0 1 0 0
0 1 0 0
0 0 0 0
0 0 0 0
0 0 0 0
0 0 0 0
0 0 0 0
0 0 0 0
0 0 0 0
0 0 0 0
0 0 0 0
0 0 0 0
0 0 0 0
0 0 0 0
0 0 0 0
0 0 0 0
0 0 0 0
0 0 0 0
1 0 0 0
1 0 0 0
0 1 7fff 8000
0 1 7fff 8000
0 1 7fff 8000
1 0 0 0
1 0 0 0
0 0 0 0
0 1 57e8 3268
0 1 7369 b825
0 0 0 0
0 1 8861 1c6
0 1 91b 6a52
0 1 6434 87b
0 1 6395 ca6a
0 1 134a 2aa3
0 1 243b 8726
0 1 9d00 b3d9
0 1 8c84 1d67
0 1 71e1 d910
0 1 b435 c23
0 0 0 0
0 1 d0ac 6808
0 1 e576 4ae7
0 1 6ca9 105c
0 1 a50 6f67
0 1 8ea0 67d0
0 1 f94b 2a0e
0 1 dd66 a193
0 1 71d8 8da8
0 1 73f9 fe7a
0 1 d5cf c15
0 1 2dfc b0c2
0 1 5e04 5e9d
0 1 2b6f e8ed
0 0 0 0
0 1 859d 7c6e
0 1 9937 c461
0 1 fbcf dc03
0 1 3b31 a289
0 1 72 75bf
0 0 0 0
0 1 9c36 e75d
0 1 f2a8 3db0
0 1 cac0 35f4
0 1 1de9 a6b3
0 1 d606 e4
0 1 318 8f05
0 1 2f58 4da8
0 1 c1c5 b0c2
0 1 29c3 1b97
0 1 a993 e203
0 1 82a6 a788
0 1 1627 ca33
0 1 423a 523a
0 1 b1a7 adbe
0 1 e1fa 3a29
0 1 cd1b d7c
0 1 e29f a975
0 1 18f2 4aec
0 1 d420 344a
0 1 5bed 69a7
0 1 9157 5a49
0 0 0 0
0 1 a8ba ca2a
0 1 bf1d 22b4
0 0 0 0
0 1 50f1 d60
0 1 9343 8c32
0 1 7c8b aa35
0 0 0 0
0 1 38f5 162e
0 1 61fd 7e1b
0 1 b7fd 5a4
0 1 3f22 c551
0 1 f08a 1403
0 1 b7d5 412a
0 1 93a4 f00b
0 1 de22 aaa7
0 1 7f4f c465
0 1 cc47 38c5
0 1 f5f9 67e4
0 0 0 0
0 1 a454 3056
0 1 e563 e42b
0 1 2a02 74b0
0 0 0 0
0 1 9b6f 3aa8
0 1 474 ec93
0 1 82b4 31f5
0 1 e867 5858
0 1 4d0d deec
0 0 0 0
0 1 70d2 9833
0 0 0 0
0 1 737a cec0
0 0 0 0
0 1 1fa7 7bdc
0 1 8c19 8077
0 0 0 0
0 1 f9d5 27de
0 0 0 0
0 1 9d0a 4751
0 1 440b f65a
0 1 cd96 9420
0 1 5704 103c
0 1 ba6f 623a
0 1 4d31 d491
0 1 b254 347
0 0 0 0
0 1 a1ef ef2e
0 1 e46d 2e8b
0 1 898 f75e
0 1 9d8 bec5
0 1 1019 55ee
0 1 f2f6 cce
0 1 4e51 1e46
0 1 35a9 a09f
0 1 8eed 2d3f
0 1 97bd 2bdf
0 1 d18a e714
0 1 e079 bd8d
0 0 0 0
0 1 6f58 8dd8
0 1 e5dc 3508
0 1 3f63 9df7
0 0 0 0
0 1 3769 882d
0 1 79de 3bee
0 0 0 0
0 1 5fa3 5421
0 1 9102 d924
0 1 bbf2 7f2d
0 1 7310 8b39
0 1 9235 2252
0 1 7c2e 1b59
0 0 0 0
0 1 dd70 13d2
0 0 0 0
0 1 ce24 fc88
0 1 fd1b 953f
0 1 eb1a f25d
0 1 b58a f832
0 1 be6d 66bb
0 0 0 0
0 1 ec11 937d
0 1 c747 a558
0 1 cc05 e12e
0 1 cf70 ec50
0 1 8029 490d
0 1 c843 2b34
0 0 0 0
0 1 2d8f 674a
0 1 7e71 2e58
0 1 fcd7 ab57
0 1 7f7d c416
0 1 78ac 7677
0 1 fc25 1912
0 1 28a5 ca9e
0 1 9add c394
0 1 1d07 b24
0 0 0 0
0 1 eb2c ebec
0 1 dce6 4265
0 1 4080 5163
0 1 b7e8 f87a
0 1 3c80 3d3a
0 1 ff83 2691
0 0 0 0
0 1 60a8 1c26
0 1 7e71 cf26
0 1 e80b 8ade
0 1 22d7 e60d
0 1 6d23 fa7f
0 1 45aa 3ea3
0 1 404a 1ae1
0 1 373e 91bb
0 1 d0b1 edb4
0 1 d2da 1f2d
0 1 bfbe 6704
0 1 4b7 96ec
0 0 0 0
0 1 f6e0 bf70
0 0 0 0
0 1 92e5 db24
0 0 0 0
0 1 ef10 2d49
0 1 6af2 20fa
0 1 1f89 b428
0 1 a900 9e49
0 0 0 0
0 1 2b4 e501
0 1 74f bf0f
0 0 0 0
0 1 e534 700c
0 1 a662 cab8
0 0 0 0
0 1 aefb 4980
0 1 cedd 73d4
0 1 9aee 2677
0 1 c285 c0f6
0 1 aedf e051
0 1 a61f f8e0
0 0 0 0
0 1 5e19 14a7
0 1 71a9 aec0
0 1 2e30 7d58
0 1 c461 5964
0 1 74ec ee1b
0 1 cd92 a4d3
0 1 397d 2254
0 1 ea0 835b
0 1 ebf0 7882
0 1 46b3 3a74
0 1 46ce 3659
0 1 d89e 4629
0 1 2b49 f33d
0 0 0 0
0 1 b805 f55e
0 1 e7e0 8fa7
0 1 7a8f e5d
0 1 4246 1917
0 1 538f b2e
0 1 f962 8778
0 1 8885 a1c0
0 0 0 0
0 1 6236 15ff
0 1 7805 be35
0 1 b05c b446
0 1 6564 780e
0 1 f67 e806
0 1 7355 41bd
0 1 23e5 ab11
0 1 8eee 29da
0 1 ec6b 19f2
0 0 0 0
0 1 2498 fff2
0 1 bf7 7c63
0 1 3cd5 fee7
0 1 b02c 4f22
0 0 0 0
0 1 b104 71e2
0 0 0 0
0 1 a1c8 ba9e
0 1 5d87 6a71
0 1 35a9 afe4
0 1 f885 7bbe
0 1 2ecf 3145
0 1 e8a5 52e5
0 1 606a 1c99
0 1 5df7 6c77
0 1 ee1a 86f0
0 0 0 0
0 1 39ad a264
0 1 a4eb 4fb2
0 1 3a10 19a5
0 1 d54b 28de
0 0 0 0
0 1 86f 2796
0 1 d39d 6b0c
0 1 ad7b 2e4e
0 1 a886 37f
0 1 926 4045
0 0 0 0
0 1 f4d3 909d
0 1 8f14 112e
0 1 98aa 5471
0 1 9871 a74
0 1 6f23 8ae8
0 0 0 0
0 1 9977 4760
0 0 0 0
0 1 ef1b 69ac
0 1 faeb e945
0 1 cf3b 969b
0 1 3eda 8147
0 1 5234 7073
0 1 2bf9 a41e
0 0 0 0
0 1 f766 a8a6
0 1 54cf 4429
0 1 481b 8026
0 1 4192 89b0
0 1 2812 735b
0 1 22ef 683
0 1 7cc9 2754
0 1 bc25 4457
0 1 c03f 151e
0 1 c1f 3d06
0 1 97be 5288
0 1 1ff9 9c95
0 1 a7c1 3070
0 1 3b8b 60df
0 1 8726 f57e
0 1 7bd5 7221
0 0 0 0
0 1 3202 df8e
0 1 43d 6775
0 1 2868 ca63
0 0 0 0
0 1 91f0 5bed
0 1 3e8d a43e
0 1 62de 208d
0 1 f231 e8bd
0 0 0 0
0 1 b802 cd0d
0 0 0 0
0 1 5422 9a4d
0 1 2c53 c723
0 0 0 0
0 1 5984 5325
0 1 a243 c670
0 1 45df de03
0 1 4685 4b0a
0 1 4e3 294c
0 1 1ea4 dbbd
0 1 6684 eac9
0 1 8352 bf68
0 1 4dea 910b
0 1 4c95 d652
0 1 cd42 465d
0 1 e735 9d84
0 0 0 0
0 1 6669 ca2b
0 1 1a50 bc2d
0 1 7bb2 6806
0 1 ba2d 4b45
0 1 d91a cea1
0 1 d95d 43bd
0 1 20da 17da
0 1 d724 1097
0 1 2d10 b677
0 1 bfd6 fe1c
0 0 0 0
0 1 1638 1235
0 1 9c09 e01d
0 1 8e80 d3f9
0 1 265d c5da
0 1 5cc2 17fe
0 0 0 0
0 1 599 5c28
0 1 14a5 75ee
0 1 59e5 407e
0 1 b3f7 fe47
0 0 0 0
0 1 ca3c 8de2
0 1 d8df 4f1a
0 0 0 0
0 1 4c25 e4db
0 1 d5f5 3dca
0 1 4019 af2f
0 0 0 0
0 1 afe1 4f2f
0 0 0 0
0 1 f154 a9e
0 0 0 0
0 1 946 76e
0 1 77d5 fd2b
0 1 bee4 9f13
0 1 e510 2c6b
0 1 dff 55d4
0 1 e941 56d5
0 0 0 0
0 1 df57 2820
0 1 53 9b87
0 1 7dae ffd1
0 1 e0a8 ea5b
0 1 bb2d f3ec
0 1 64b9 3e
0 1 901c b24a
0 1 43cb 302f
0 1 d71c 2cbb
0 1 c84f d8da
0 1 a522 4001
0 0 0 0
0 1 60e8 8489
0 1 cf41 bf02
0 1 6261 e9f4
0 1 9bd0 4acb
0 1 1e68 da8e
0 1 5b11 da13
0 1 b988 d17b
0 1 393f 1e94
0 1 d903 1c45
0 1 662b 401b
0 1 d413 388a
0 0 0 0
0 1 6046 33b0
0 0 0 0
0 1 e92e f6a9
0 1 7ceb 6255
0 0 0 0
0 1 8cd9 ca78
0 1 ce62 11c6
0 1 635 bb89
0 1 6a4a 85e8
0 1 d597 7921
0 1 f97 2a5e
0 1 0 0
0 0 0 0
0 1 0 0
0 1 0 0
0 1 0 0
0 1 0 0
0 1 0 0
0 1 0 0
0 1 0 0
0 1 0 0
0 1 0 0
0 1 0 0
0 1 0 0
0 1 0 0
0 1 0 0
0 1 0 0
0 1 0 0
0 1 0 0
0 1 0 0
0 1 0 0
0 1 0 0
0 1 0 0
0 1 0 0
0 1 0 0
0 1 0 0
0 1 0 0
0 1 0 0
0 1 0 0
0 0 0 0
0 1 0 0
0 1 0 0
0 1 0 0
0 1 0 0
0 1 0 0
0 1 0 0
0 1 0 0
0 1 0 0
0 1 0 0
0 1 0 0
0 1 0 0
0 0 0 0
0 1 0 0
0 1 0 0
0 1 0 0
0 1 0 0
0 1 0 0
0 1 0 0
0 1 0 0
0 1 0 0
0 1 0 0
0 0 0 0
0 1 0 0
0 1 0 0
0 1 0 0
0 1 0 0
0 1 0 0
0 0 0 0
0 1 0 0
0 1 0 0
0 1 0 0
0 1 0 0
0 0 0 0
0 1 0 0
0 1 0 0
0 1 0 0
0 1 0 0
0 1 0 0
0 1 0 0
0 1 0 0
0 1 0 0
0 1 0 0
0 0 0 0
0 1 0 0
0 1 0 0
0 0 0 0
0 1 0 0
0 1 0 0
0 0 0 0
0 1 0 0
0 1 0 0
0 1 0 0
0 1 0 0
0 0 0 0
0 1 0 0
0 1 0 0
0 1 0 0
0 1 0 0
0 1 0 0
0 0 0 0
0 1 0 0
0 0 0 0
0 1 0 0
0 1 0 0
0 1 0 0
0 1 0 0
0 1 0 0
0 1 0 0
0 1 0 0
0 1 0 0
0 1 0 0
0 1 0 0
0 1 0 0
0 0 0 0
0 0 0 0
0 0 0 0
0 0 0 0
0 0 0 0
0 0 0 0
0 0 0 0
0 0 0 0
0 0 0 0
0 0 0 0
0 0 0 0
0 0 0 0
0 0 0 0
0 0 0 0
0 0 0 0
0 0 0 0
