1 0 0 0
1 0 0 0
0 1 7fff7fff7fff7fff 8000800080008000
0 1 7fff7fff7fff7fff 8000800080008000
0 1 7fff7fff7fff7fff 8000800080008000
1 0 0 0
1 0 0 0
0 1 7fff 0
0 1 0 0
0 0 0 0
0 1 0 0
0 1 0 8000
0 1 0 0
0 1 0 0
0 1 0 0
0 0 0 0
0 1 0 0
0 1 0 0
0 1 0 0
0 1 0 0
0 1 0 0
0 1 0 0
0 1 0 0
0 1 0 0
0 1 0 0
0 1 0 0
0 1 0 0
0 1 0 0
0 1 0 0
0 1 0 0
0 1 0 0
0 1 0 0
0 1 0 0
0 1 0 0
0 1 0 0
0 1 0 0
0 1 0 0
0 1 0 0
0 0 0 0
0 1 0 0
0 1 0 0
0 1 0 0
0 1 0 0
0 0 0 0
0 1 0 0
0 0 0 0
0 1 0 0
0 1 0 0
0 0 0 0
0 1 0 0
0 1 0 0
0 1 0 0
0 1 0 0
0 1 0 0
0 1 0 0
0 0 0 0
0 1 0 0
0 1 0 0
0 1 0 0
0 1 0 0
0 0 0 0
0 1 0 0
0 0 0 0
0 1 0 0
0 1 0 0
0 1 0 0
0 1 0 0
0 1 0 0
0 1 0 0
0 0 0 0
0 1 0 0
0 1 0 0
0 0 0 0
0 1 0 0
0 1 0 0
0 1 0 0
0 1 0 0
0 0 0 0
0 1 0 0
0 0 0 0
0 1 0 0
0 0 0 0
0 1 0 0
0 1 0 0
0 1 0 0
0 0 0 0
0 1 0 0
0 0 0 0
0 1 0 0
0 0 0 0
0 1 0 0
0 0 0 0
0 1 0 0
0 1 0 0
0 1 0 0
0 1 0 0
0 1 0 0
0 1 0 0
0 1 0 0
0 0 0 0
0 1 0 0
0 1 0 0
0 0 0 0
0 1 0 0
0 1 0 0
0 1 0 0
0 1 0 0
0 0 0 0
0 1 0 0
0 1 0 0
0 1 0 0
0 1 0 0
0 1 0 0
0 1 0 0
0 1 0 0
0 1 0 0
0 1 0 0
0 1 0 0
0 1 7fff7fff7fff7fff 8000800080008000
0 0 0 0
0 1 7fff7fff7fff7fff 8000800080008000
0 1 7fff7fff7fff7fff 8000800080008000
0 1 7fff7fff7fff7fff 8000800080008000
0 1 7fff7fff7fff7fff 8000800080008000
0 1 7fff7fff7fff7fff 8000800080008000
0 0 0 0
0 1 7fff7fff7fff7fff 8000800080008000
0 1 7fff7fff7fff7fff 8000800080008000
0 0 0 0
0 1 7fff7fff7fff7fff 8000800080008000
0 1 7fff7fff7fff7fff 8000800080008000
0 1 7fff7fff7fff7fff 8000800080008000
0 1 7fff7fff7fff7fff 8000800080008000
0 0 0 0
0 1 7fff7fff7fff7fff 8000800080008000
0 1 7fff7fff7fff7fff 8000800080008000
0 1 7fff7fff7fff7fff 8000800080008000
0 1 7fff7fff7fff7fff 8000800080008000
0 1 7fff7fff7fff7fff 8000800080008000
0 1 7fff7fff7fff7fff 8000800080008000
0 1 7fff7fff7fff7fff 8000800080008000
0 1 7fff7fff7fff7fff 8000800080008000
0 0 0 0
0 1 7fff7fff7fff7fff 8000800080008000
0 1 7fff7fff7fff7fff 8000800080008000
0 1 7fff7fff7fff7fff 8000800080008000
0 1 7fff7fff7fff7fff 8000800080008000
0 1 7fff7fff7fff7fff 8000800080008000
0 1 7fff7fff7fff7fff 8000800080008000
0 0 0 0
0 1 7fff7fff7fff7fff 8000800080008000
0 1 7fff7fff7fff7fff 8000800080008000
0 1 7fff7fff7fff7fff 8000800080008000
0 1 7fff7fff7fff7fff 8000800080008000
0 1 7fff7fff7fff7fff 8000800080008000
0 1 7fff7fff7fff7fff 8000800080008000
0 1 7fff7fff7fff7fff 8000800080008000
0 1 7fff7fff7fff7fff 8000800080008000
0 1 7fff7fff7fff7fff 8000800080008000
0 1 7fff7fff7fff7fff 8000800080008000
0 0 0 0
0 1 7fff7fff7fff7fff 8000800080008000
0 1 7fff7fff7fff7fff 8000800080008000
0 1 7fff7fff7fff7fff 8000800080008000
0 1 7fff7fff7fff7fff 8000800080008000
0 1 7fff7fff7fff7fff 8000800080008000
0 1 7fff7fff7fff7fff 8000800080008000
0 1 7fff7fff7fff7fff 8000800080008000
0 1 7fff7fff7fff7fff 8000800080008000
0 1 7fff7fff7fff7fff 8000800080008000
0 1 7fff7fff7fff7fff 8000800080008000
0 1 7fff7fff7fff7fff 8000800080008000
0 1 7fff7fff7fff7fff 8000800080008000
0 1 7fff7fff7fff7fff 8000800080008000
0 1 7fff7fff7fff7fff 8000800080008000
0 1 7fff7fff7fff7fff 8000800080008000
0 0 0 0
0 1 7fff7fff7fff7fff 8000800080008000
0 0 0 0
0 1 7fff7fff7fff7fff 8000800080008000
0 1 7fff7fff7fff7fff 8000800080008000
0 1 7fff7fff7fff7fff 8000800080008000
0 0 0 0
0 1 7fff7fff7fff7fff 8000800080008000
0 1 7fff7fff7fff7fff 8000800080008000
0 1 7fff7fff7fff7fff 8000800080008000
0 1 7fff7fff7fff7fff 8000800080008000
0 1 7fff7fff7fff7fff 8000800080008000
0 0 0 0
0 1 7fff7fff7fff7fff 8000800080008000
0 1 7fff7fff7fff7fff 8000800080008000
0 1 7fff7fff7fff7fff 8000800080008000
0 1 7fff7fff7fff7fff 8000800080008000
0 1 7fff7fff7fff7fff 8000800080008000
0 1 7fff7fff7fff7fff 8000800080008000
0 1 7fff7fff7fff7fff 8000800080008000
0 1 7fff7fff7fff7fff 8000800080008000
0 1 7fff7fff7fff7fff 8000800080008000
0 1 7fff7fff7fff7fff 8000800080008000
0 0 0 0
0 1 7fff7fff7fff7fff 8000800080008000
0 1 7fff7fff7fff7fff 8000800080008000
0 0 0 0
0 1 7fff7fff7fff7fff 8000800080008000
0 1 7fff7fff7fff7fff 8000800080008000
0 0 0 0
0 1 7fff7fff7fff7fff 8000800080008000
0 1 7fff7fff7fff7fff 8000800080008000
0 1 7fff7fff7fff7fff 8000800080008000
0 1 7fff7fff7fff7fff 8000800080008000
0 1 7fff7fff7fff7fff 8000800080008000
0 1 7fff7fff7fff7fff 8000800080008000
0 1 7fff7fff7fff7fff 8000800080008000
0 1 7fff7fff7fff7fff 8000800080008000
0 1 7fff7fff7fff7fff 8000800080008000
0 0 0 0
0 1 7fff7fff7fff7fff 8000800080008000
0 1 7fff7fff7fff7fff 8000800080008000
0 1 7fff7fff7fff7fff 8000800080008000
0 1 7fff7fff7fff7fff 8000800080008000
0 1 7fff7fff7fff7fff 8000800080008000
0 1 7fff7fff7fff7fff 8000800080008000
0 1 7fff7fff7fff7fff 8000800080008000
0 1 7fff7fff7fff7fff 8000800080008000
0 1 7fff7fff7fff7fff 8000800080008000
0 1 7fff7fff7fff7fff 8000800080008000
0 1 7fff7fff7fff7fff 8000800080008000
0 1 7fff7fff7fff7fff 8000800080008000
0 1 7fff7fff7fff7fff 8000800080008000
0 1 7fff7fff7fff7fff 8000800080008000
0 1 7fff7fff7fff7fff 8000800080008000
0 1 7fff7fff7fff7fff 8000800080008000
0 1 7fff7fff7fff7fff 8000800080008000
0 1 7fff7fff7fff7fff 8000800080008000
0 1 7fff7fff7fff7fff 8000800080008000
0 1 7fff7fff7fff7fff 8000800080008000
0 1 7fff7fff7fff7fff 8000800080008000
0 1 7fff7fff7fff7fff 8000800080008000
0 1 7fff7fff7fff7fff 8000800080008000
0 0 0 0
0 1 7fff7fff7fff7fff 8000800080008000
0 1 7fff7fff7fff7fff 8000800080008000
0 1 7fff7fff7fff7fff 8000800080008000
0 1 7fff7fff7fff7fff 8000800080008000
0 1 0 0
0 1 0 0
0 1 0 0
0 1 0 0
0 1 0 0
0 1 0 0
0 1 0 0
0 1 0 0
0 1 0 0
0 1 0 0
0 1 0 0
0 1 0 0
0 1 0 0
0 1 0 0
0 1 0 0
0 1 0 0
0 0 0 0
0 1 0 0
0 1 0 0
0 0 0 0
0 1 0 0
0 1 0 0
0 1 0 0
0 1 0 0
0 1 0 0
0 1 0 0
0 1 0 0
0 1 0 0
0 1 0 0
0 0 0 0
0 1 0 0
0 1 0 0
0 1 0 0
0 1 0 0
0 1 0 0
0 1 0 0
0 1 0 0
0 1 0 0
0 1 0 0
0 1 0 0
0 1 0 0
0 1 0 0
0 0 0 0
0 1 0 0
0 1 0 0
0 1 0 0
0 1 0 0
0 1 0 0
0 0 0 0
0 1 0 0
0 1 0 0
0 1 0 0
0 1 0 0
0 1 0 0
0 1 0 0
0 1 0 0
0 1 0 0
0 1 0 0
0 1 0 0
0 1 0 0
0 0 0 0
0 1 0 0
0 1 0 0
0 1 0 0
0 1 0 0
0 1 0 0
0 1 0 0
0 1 0 0
0 1 0 0
0 0 0 0
0 1 0 0
0 1 0 0
0 1 0 0
0 1 0 0
0 1 0 0
0 0 0 0
0 1 0 0
0 1 0 0
0 0 0 0
0 1 0 0
0 1 0 0
0 1 0 0
0 1 0 0
0 0 0 0
0 1 0 0
0 1 0 0
0 0 0 0
0 1 0 0
0 1 0 0
0 1 0 0
0 1 0 0
0 1 0 0
0 1 0 0
0 0 0 0
0 1 0 0
0 1 0 0
0 1 0 0
0 0 0 0
0 1 0 0
0 1 0 0
0 1 0 0
0 1 0 0
0 1 0 0
0 1 0 0
0 1 0 0
0 0 0 0
0 1 0 0
0 0 0 0
0 1 0 0
0 1 0 0
0 1 0 0
0 0 0 0
0 1 0 0
0 1 0 0
0 1 0 0
0 1 0 0
0 1 0 0
0 1 0 0
0 1 0 0
0 1 0 0
0 1 0 0
0 1 0 0
0 1 0 0
0 1 0 0
0 1 0 0
0 1 0 0
0 1 0 0
0 1 0 0
0 1 0 0
0 1 0 0
0 0 0 0
0 1 0 0
0 1 0 0
0 1 0 0
0 1 0 0
0 1 0 0
0 1 0 0
0 1 0 0
0 1 0 0
0 0 0 0
0 1 0 0
0 1 0 0
0 0 0 0
0 1 0 0
0 1 0 0
0 1 0 0
0 1 0 0
0 1 0 0
0 1 0 0
0 1 0 0
0 1 0 0
0 1 0 0
0 1 0 0
0 1 0 0
0 1 0 0
0 1 0 0
0 1 0 0
0 1 0 0
0 1 0 0
0 1 0 0
0 1 0 0
0 1 0 0
0 1 0 0
0 1 0 0
0 0 0 0
0 1 0 0
0 1 0 0
0 1 0 0
0 1 0 0
0 0 0 0
0 1 0 0
0 1 0 0
0 1 0 0
0 1 0 0
0 1 0 0
0 1 0 0
0 1 0 0
0 1 0 0
0 0 0 0
0 1 0 0
0 1 0 0
0 1 0 0
0 1 0 0
0 0 0 0
0 1 0 0
0 1 0 0
0 0 0 0
0 1 0 0
0 1 0 0
0 1 0 0
0 1 0 0
0 1 0 0
0 1 0 0
0 1 0 0
0 1 0 0
0 1 0 0
0 1 0 0
0 1 0 0
0 0 0 0
0 1 0 0
0 1 0 0
0 0 0 0
0 1 0 0
0 1 0 0
0 1 0 0
0 1 0 0
0 1 0 0
0 1 0 0
0 1 0 0
0 1 0 0
0 1 0 0
0 1 0 0
0 1 0 0
0 0 0 0
0 1 0 0
0 1 0 0
0 1 0 0
0 1 0 0
0 1 0 0
0 1 0 0
0 1 0 0
0 1 0 0
0 1 0 0
0 1 0 0
0 1 0 0
0 1 0 0
0 1 0 0
0 1 0 0
0 0 0 0
0 1 0 0
0 1 0 0
0 1 0 0
0 0 0 0
0 1 0 0
0 1 0 0
0 0 0 0
0 1 0 0
0 1 0 0
0 1 0 0
0 1 0 0
0 1 0 0
0 1 0 0
0 0 0 0
0 1 0 0
0 1 0 0
0 0 0 0
0 1 0 0
0 1 0 0
0 1 0 0
0 1 0 0
0 1 0 0
0 1 0 0
0 0 0 0
0 0 0 0
0 0 0 0
0 0 0 0
0 0 0 0
0 0 0 0
0 0 0 0
0 0 0 0
0 0 0 0
0 0 0 0
0 0 0 0
0 0 0 0
0 0 0 0
0 0 0 0
0 0 0 0
0 0 0 0
0 0 0 0
1 0 0 0
1 0 0 0
0 1 7fff7fff7fff7fff 8000800080008000
0 1 7fff7fff7fff7fff 8000800080008000
0 1 7fff7fff7fff7fff 8000800080008000
1 0 0 0
1 0 0 0
0 1 8087dde3000ea516 ebd9c1cc8dc19cfa
0 0 0 0
0 1 62e30a0372870e3c 76d58b122270ad01
0 1 1d763a6b2de50e03 dc5032c529adf2a3
0 1 aed7003a726867a9 b3e070caae56039c
0 1 59aa6e98d3c8e51e 69f6459f0696350e
0 1 6641300c404ee36f e75ff77220104f7a
0 1 a7cb2ea742587a94 d2e8ea8f22975c55
0 1 3982426d83b70f83 e75fbec30e937f5e
0 0 0 0
0 1 a7ea2acd37891b59 5466bfb28fb0f4f3
0 1 baa907d8ce55450b 6590211eadbdf616
0 0 0 0
0 1 f7893236b70e3f74 e8f7ba5937ef3d3f
0 1 61a17099e9f1c63c 68d86f2b2ad6c74e
0 1 88a8aae9bedc556a f1d7d8d962b97ecb
0 1 3d081ee5e16f370e f78a4423388dfab9
0 1 7d446821b4605726 b9a15fcb7fe98f21
0 1 4ac027de58f94f94 cf7a7527da6ede46
0 1 199dbeb8b6d0a387 6e38904fc8ae776f
0 1 2e9ceeb9a061ad71 b675807c3c2879dc
0 1 76a4c8cdbcf3c3ff b092b69830818527
0 1 816de436a0e26128 441aaa4362472724
0 0 0 0
0 1 7417631f30cd4b39 78fef55eb1d4e992
0 1 d90e8a20b052a2ef 79a590fe186a78fc
0 1 e2958ac773330937 d19bd401677f11f4
0 1 7373cc11553190f9 2705c35ced702725
0 1 6a120915820c632d b5ddb2c07561f550
0 1 c699c71370706d12 a7dad0602bc3bbfb
0 1 16523c0d53dc3472 94c3bf6e012b514c
0 1 4e29d0e763d1c1d5 ffbae43f44dee6ad
0 1 7d3b5341886f7bd1 61a37d9e9c7d08f5
0 1 3ea21815b37595b3 cfb92d400620231e
0 1 4988b8b64380cda8 4ce633fd3ef2c6cb
0 1 440e1dbd6f3651fb 522cd6331c1568b9
0 1 e77cf4bccd76bd5 1f2a36cb6cef034e
0 1 16c0e60e636f31f5 a44902b7555f27fc
0 1 a2ce6eaddc8f2635 78bf994b665094e1
0 0 0 0
0 1 9cdbc3d46712127a 6b9d412346b5357
0 0 0 0
0 1 e6a3f54c2d80414a 17fc5532df47e527
0 1 d22015e2a53465eb e1945703a73cdcdd
0 1 d19516fdeeb63178 fc01def12f9fb480
0 1 931bceea84b979d3 33da58a46fdfaff6
0 1 b45401568a4fb67f 89c1675e07224715
0 1 4d5c9b810eb0f836 b3939be9ec47135c
0 0 0 0
0 1 cad229193bf53e3a f4b9da78bb1857cb
0 1 579b68b898c95a99 bd4533e169a067b3
0 1 5155bb808742f163 6878a29aeca25bf0
0 1 776ab753d80365a0 1a5ab2defb2dd733
0 0 0 0
0 1 bc42efb3fd6cf64a 3cc108a4152ff9cc
0 0 0 0
0 1 83840c79a1debbe3 37e2516e681876bf
0 1 81b97b5f44bd0b94 99a0ce43381520b0
0 1 cf1544e27f35f109 b753dcff20a9c201
0 1 4907a6260cb60f7d a2b830fb3d7af9bf
0 0 0 0
0 1 ed29d71293ac20fe f015b57011465615
0 1 d44821f862fedb9e f670ead70f0433cd
0 1 22649ec1451e0e80 d03a1338c8323d66
0 0 0 0
0 1 550f25ab3668f941 e21fba56fd7bd770
0 1 8988255848518148 8aca8810ffea4353
0 1 b6f67b70005beec4 bd788005b57ed52e
0 1 abfae33943c36230 d5ae01bf566f6dfa
0 1 804e513bcc25ba14 af58ce7a96a3ff14
0 1 78ffb695f868a402 a0d9d8bef105d7a2
0 1 f34b34a8a7a3cdf9 4fce29457c732937
0 1 8ece7942565efe05 a4a25869e81cc33a
0 1 844dadfdda45b401 f41d23fdf1b0ae72
0 1 d36ffdecd258024c 7596e3a6f740c6df
0 1 f7e8a18ab4d8354 80a439d7bf605fdb
0 1 5795f4ffda3ecd51 99f05b4721568ee2
0 1 8dd1e1b7d894f6d8 a24363dcf79f253d
0 1 c2e66beae6a2110b bd5d1b80f5249902
0 1 f2d9accdbfdb0a0c 33da5ad41e3d43e4
0 0 0 0
0 1 6e34e55f72875923 e43e0177195c3ceb
0 1 1777f96b0dce9aba 49ae6800f94bde2f
0 1 58e9004130a0898f d5851f0739e1b55
0 1 9ea18e22d146b186 9e980b51b7903a27
0 1 6c874dc954093c59 2583436c1a4610b3
0 1 eea9a8f8b7dab8f6 79f0125cd1ec2d6a
0 0 0 0
0 1 b032485613fce57a e3b738fc76aa5f30
0 1 8d40833428296f9e eba73f74e70ff4b8
0 1 b035a1f620350291 fdfcf9ace3e5c6a0
0 1 fb94fcad7010b3df bff0d9faf203238
0 1 ae71b3f2dfa19efa 655c450ef5d76f68
0 1 9ae867bad9ab94de bf6ae06c25a12626
0 1 e0b0d08f5bd8b053 b82ff3334bffee99
0 1 3a35f1c6460dac37 b6bfebe4fbc4e296
0 1 97f058869be135ad 5e5e600fe931f533
0 1 d13b67ec10d7da6d 9cfe28627c96c0be
0 1 e32060f8a39ffc63 a4a3aebb4b509186
0 1 c49522b4cf44fffb 180d25fc712b1d1a
0 1 88543f13098a8a4 13e00c3d5bdba4a6
0 1 6eae649932e29e2c dea06f5b29af8348
0 1 6c01e479131b7e51 6b5373cc5af59d44
0 1 2b29b5169abdb672 316d01673dbf1916
0 0 0 0
0 1 c160cea20e6300b7 61e1e6b7a132910
0 1 ede95c70847655c 7bb3a66bdcd1820e
0 1 199bcfd1bc23d21a 63b5417297347b9d
0 1 8bef7b0a7a890157 4bd9fddc3e387287
0 1 de2e4bdfeb4b65ef b89c616ae39fc76a
0 1 526cb364ed641270 4a4e0c998126f3d3
0 1 7c32f2224ee93723 60d742e8b1ce8fd0
0 1 cc2462a8a505241d ff21f333217eaa6
0 1 8bec8fa1ff8a0f54 823dbc43933b5d5d
0 1 2e5e21c25bfe10d9 48f363f34e12067b
0 1 e23b87dd5e754340 8693986b4af3dbbc
0 0 0 0
0 1 a3e3809f5e0b6c14 90940e5b07d97b87
0 1 203212b88d905c8 55da7b2c58101904
0 1 d1b2b8f93b52a099 79a4333a4d191c69
0 1 e721a518ca1d69e7 4103008796aae358
0 1 28c24387f97a732a 2b84ad8038b57c8d
0 1 17ffdf57b74556d1 9c64ae295f3821ec
0 1 3166ae0038b83958 1ae77afafaee4d9c
0 0 0 0
0 1 4e6ab9facc9a524b 3147c77f47de554a
0 1 1671df8509ae7f55 4d3bd96ad52f6b6b
0 1 839c203430f343bb 13077497e95476c6
0 1 50e1dad45764aab7 37fe986f81d3bce9
0 1 e6c999e4671f055 9b9b5a9df6d74188
0 1 4886daf413a2a266 a04c6e318020b537
0 1 d70508f88d88d1f4 bdc9028a6514c044
0 1 2312e1f560125a1d 5b97b5526ca2a41b
0 1 c17964d02281928e 8d3fd90aeb3c8170
0 0 0 0
0 1 b353db05b1572ba4 babeed29c819c5d7
0 1 ff9b8e559241121 286bb7cc8b3c7f9a
0 1 68f09d14110e5e8b 92d8554edbb1fd14
0 1 9f284e707c45405c 16535e83d71d1be5
0 1 8197c07b5051b95e eefb73e69ebf7ffa
0 1 11b6b1c1000af35e cd15ce7a2e4f91b7
0 1 3d86760e4619954c 8107d562d5dfac88
0 1 32b1e30c2216df6c 5c745080bea2a66d
0 1 82f4a341155e4d4f 2eba5dc65da3f72b
0 1 a9dfea60806384b 353b0d98e6a3cbb1
0 1 2b1be56192d4397f 62392e8550bbdb76
0 1 4bd54336981eca8 c59e9d068c84d977
0 1 210fe6cf24287576 6b050fd76df725b2
0 0 0 0
0 1 62fb04a3100dd230 f0cb907f4a2c3d62
0 0 0 0
0 1 1f0f8178f944cd41 a406bdf1635e863d
0 0 0 0
0 1 54371d3db874c4c9 f13312bd6383039b
0 1 69c60f4d78693366 fd5cf822da29945e
0 1 9338f4b51deb2b1e 7e53a6427d8512f5
0 1 b325ce42c0d05862 e5fe96df6a4afbe1
0 1 e374a94299eac627 b38b82d35b8e64a8
0 1 72ce2b3019408bde f7b565766529bcbb
0 1 6d0d363463fc016d 36af185e84e47e2b
0 1 3b3a9ba9b8a8100f fe3796a391ac95b
0 1 60e4254a71b8a533 4cbd45accb1413e4
0 1 de21f92e45a57d6b b5aa5e797e2f93f4
0 1 536ccecf1e473b62 de47909e53073661
0 0 0 0
0 1 45e5ccea0e888ee8 cd13266ee58a2466
0 1 5ea9ac9a14071aa7 5507d01b19222bc8
0 1 f498083bfe627bbc c848320249cfc36f
0 1 89f5b272b6fd8a38 8bd0fe4da88c3760
0 1 255fafd95e677b62 a147b7d6a5f1e7b2
0 0 0 0
0 1 f6e30ab41c46f30b e2a81d78844a9cff
0 1 b97a1126f62b63 9beea8b09811c7cb
0 1 8c8d92693a35c0e9 d3c85e9af2c1ce42
0 1 1620cedd4b5b9df7 7495fcd4eb6e0837
0 0 0 0
0 1 911cfb1160a69ea6 dc399ad1e590a9e8
0 1 81a9f239111c0167 98fd75320dcb97cc
0 1 4598c83d3e07a926 fc2354b0f1e85689
0 1 8a14a09d89beb08f ff3bd49396e98526
0 1 3cc0af85b609b5c0 e9a3b3c68e19d95a
0 0 0 0
0 1 b9fc61197e162064 48cca30a6cd082d2
0 1 a03a485fb91ba63c 1d1f38d8a8a3a7cb
0 1 9fc59c2b2f6182b4 d5fdd6f4a0248e41
0 1 8cd51bd53c4227ff a4ddfb1c96548b25
0 1 469626707022731d fba056aa519aca38
0 1 3989cbf29c018c02 e36c07c2f032fc21
0 0 0 0
0 1 1650fc611c6fa476 df12ad6a58da4b3e
0 1 22b43ad5f810040c 540d235e280f4410
0 1 9c594b73397da2ef 8f079f19e68d93c9
0 0 0 0
0 1 d0a02d632f508b80 21beb42a55eed5c0
0 1 6e653b8729ad3377 7a12077fb34a98a1
0 1 d212422565294d2b f213961791decae
0 1 92b5d7dd767d9dd6 a628f7093c8eadd0
0 0 0 0
0 1 bd497c29d7aec10e 97b86d08d20d90e3
0 1 aa8276387f6d9ee7 2c08605720d23c8d
0 1 833635f88e5d87d4 bd781e26b557ad07
0 1 98412cd956ae8d64 705cc9ac8cac8406
0 1 1e66a3534ba84013 36fec8ed3c4fc56
0 0 0 0
0 1 297897eab7736f7b ba04fb199192823c
0 1 a1acfe096a55e670 55a1d9ee8b15483b
0 1 b4890c6380871134 ac9ed467392de8e5
0 1 ec1dc737fd30d78e e91e9f3752c937b6
0 1 e7e376992a67baa4 d817b114d7c23f36
0 1 ba56554cef89ca8a 93e7155a1d861c89
0 1 38d2b807e6236e7a 49d72c71fce59377
0 1 a7e912945ff9d98e b43d77c2d24d2186
0 1 3b80aacd70cbc097 9c3bf7f225c8a767
0 1 db2f146382856b78 ae55b2e4e5d5534b
0 0 0 0
0 1 e85385cf483470f3 409c3c8038fc6dad
0 1 71875d480b885f81 e140c2bf8759d99d
0 1 a109c9e5d989c53 286d5fe4c7f84198
0 1 7ba3b6cafa067d81 ed9ff25a68d75c65
0 1 10a27bac3d6475c6 50c48bd68b3a489b
0 0 0 0
0 1 fc72d47925a5ef74 3332dffe3a10063b
0 1 5abf2fc1285371ff 3af9a37cb213fb7e
0 0 0 0
0 1 fe5884d48663c91e 64580ce57173bcbe
0 1 d9268eccb87696e3 d54c2358e024a620
0 1 e1939c7afa5a74f2 c1f4fa08f52465f8
0 1 ff46fadcd1b0720c 854903d31804c615
0 1 8b38f72ce6ef1aa8 9d8d6cff1ab3d0dd
0 1 2afec909792a4b3b 37671ed2eaec3089
0 1 2b5951f05d37992f 2a3cabd6dc6f133c
0 1 bc09a08e600be8e0 f1da00c6e6f6758c
0 1 7ae53c2976490395 45ec351256b9f0a7
0 1 3e0837ff09564e0d 2a548b4a58a7d95c
0 1 2f192b92cc95d990 cdd6a800e1a27a87
0 0 0 0
0 1 f9d8cd6e5ac35cd4 9b6985a89637bd57
0 1 c1caa183178f676c 4187c37491b66cd2
0 1 d733c3250f055d0 d4c1ef46e2cdab6d
0 1 d9f29d8127bb5bc3 17eaecf239b95ce4
0 1 9233fd06f203fde2 920a4b66c3792c76
0 0 0 0
0 1 e41b91c35cc5bae7 b374e9a7b20a5d44
0 1 66c1ea384fc46c80 7070075b1a27d07c
0 1 dcde9d5130f29890 479b7a7b2dc054f2
0 0 0 0
0 1 a696da5d9a945d37 a11aec1cd0dc439d
0 1 be96a159ab73c717 d57fd4e2da011e77
0 1 f1bcb8e7924f078 120020c4a3e35ade
0 0 0 0
0 1 68cd878227221d4a e90b9aeaa065dc5b
0 1 d3466e868b042766 a574de7bd865259a
0 0 0 0
0 1 711a61a6374b337a a34ef9a8d61e0d49
0 1 a1595544dd978ddc 84636d05c39ec2d1
0 1 a2b20223f11ed7ce 5f0e6adef168ff95
0 1 58e3e068a44d35fa 8a99cf62a2f59f92
0 1 9f345e47c4d37be4 9325c6f1543b96cb
0 0 0 0
0 1 5f0f47e079220f76 94f593d0739a4652
0 1 397de0cf4f06822 c395c411775a5fe7
0 1 c42aedb03d7dde5f 9720b9b7b27b60ba
0 1 6a0a0ff00e3978ea b531611ca3e46cac
0 1 535e07161b722f51 2efc9cd9bf7c0606
0 1 e9aae7b10f06064e b3fc7d7be2f31bc5
0 1 1f0fb769b8104e3e 98f2d8acebdc8582
0 1 f7382860cf1cfda6 5e94dfc242ec00d7
0 1 308808e00b1cdd38 8ed9c7fc044b6ebb
0 1 cbe2626b77962b69 d1d7329060ae5d8b
0 1 a8f7940cac087bf4 7130ff48d1f16778
0 1 4d6c48b53ad592d1 76adf1d23dafb3a9
0 0 0 0
0 1 e89bebc1afb1d507 a0ea2d2ecc551524
0 1 545be2b5d77dd916 cbc66bf19332dea4
0 1 331f47b6bb60c691 a81b24be0bd1e1f5
0 1 b9dee4b6597185d1 eeb261d663b512b7
0 0 0 0
0 1 22c91b2f899a72a1 21dbde1f71b85bfc
0 0 0 0
0 1 cbc340277399146f 92bb1a93f5a270e2
0 1 9d45867a5baff3dc 198297f27333232d
0 1 c03e45cf34c23e02 a54304ed986fb972
0 0 0 0
0 1 9d64e67e174562c5 6f1a550a156617c4
0 1 b7b099d74fd971b3 f8bf0af2cde3cab9
0 1 4f41637c5ad01d27 b0afe52f34ea77af
0 1 5f82121afb13d37a 77259cd20ce445a9
0 1 7d3db854f2a8bd30 8247a851562505ae
0 1 744ce503a099acfb aef31e24144c4742
0 1 4b964af7007c63ec 5457535df4662c9b
0 1 8cc4ef9825721ae8 9bea0f92c674a55b
0 1 85904f94e26ce374 9e61accac151eeba
0 1 1413fd24ead48568 bb3c3dbecb33ed10
0 1 c6f9bd023fe9a51c b5efbb89c9c693e
0 0 0 0
0 1 a303795da3445e50 5dcdbf572a09dfe3
0 1 a34e1e8c3c08cfd0 1137aa0b9ab76c38
0 1 5f332ea682c70c01 78b422d43a3f41d
0 1 5e35857a13f0029e a75c3c301c6302b
0 1 c974f020f673f23e 5e73ec3aedd94438
0 1 b34fdab057d24295 5555e56ae05d1fcd
0 1 2659720bf3101cf1 b4c038b197716b3f
0 1 7fd41296a88a1a99 bbebaeb890cf79bc
0 1 a8325da4a40ad80e ff0c0ed99d366bc8
0 0 0 0
0 1 a581c570a02aff17 e46871f1f78661be
0 1 e754745f5928715f e6123ba47dcb151e
0 1 a731bf62b8d174b8 2641e8dfb08620fd
0 1 7219b0a8b31e85db cb21bcaf460871e7
0 1 237cac620e4a2aa5 91e5f24abfd11fa2
0 1 ccf0dc18f7dfca69 cbb936e0326d50e6
0 1 93c241947bdfd852 1c213119589b3644
0 1 30537150a7779729 da93ecd29c7220e0
0 1 cd44b182a6f414ec 8ebb40cac15ee83b
0 1 8d921efcefb2d2e 1461247bd612961c
0 1 716500ac1511e28c c5f13c984b8f3fed
0 0 0 0
0 1 dea71231c94a7ab0 22b06aa1f01aac4d
0 1 2aef64ca091805cf 66014035f1b20c3a
0 0 0 0
0 1 bffbdac04c75df06 e6563c5a40ea7003
0 1 34ddf80ca41e125a df80436576b6caf2
0 1 91739e20d56c3b45 15e1209d67c1489d
0 1 79c0aacf52a72f46 f33f39fe77a8a561
0 0 0 0
0 1 b8d6b959e73c9eed c53120d850efcf59
0 1 23f97bd94e604ebc b473554f498b965f
0 1 e8d9e2fd06fe0889 c560293280fe1ac7
0 1 3a6587a65c9fdbb3 1c9b95c5a75524aa
0 0 0 0
0 1 e901578cb8c83795 6ee1e8ebb7dfa65c
0 1 bfe64aae99e6f4af 51c66d3b94f92172
0 0 0 0
0 1 ba2d45af9a50de53 95f1e8e9d134792a
0 1 1a84357d5e6b83f7 75669f92d105395c
0 1 da4ea6b51b08e2a 53ca6891d55e1b46
0 1 9f30171562bce2d2 1449111ce312db89
0 1 906cb0eebc6d21ce 75d377567ba4d947
0 1 8e90a852e69d5e38 d6872e726f009dd9
0 1 5cf33c6169c5cc80 37253105fd837a4
0 1 ce985e3f110f5120 660b44657bdc17c0
0 1 6bb5332f6d01115c 73507302c076dbe1
0 1 794b8fc6e3ed67b9 7d445827576cd8c0
0 0 0 0
0 1 a9a6a1ab11dfe0b1 3647ed7d8a984731
0 1 9d17d2440eaca5aa 3038795148a59644
0 1 12e16fd98769eb11 4706b80e5c2fd805
0 0 0 0
0 1 7aefc8e879d07f78 1ed6ae9712befed8
0 0 0 0
0 1 f79e857ffe90ee36 3c71dcf73b7ecb94
0 0 0 0
0 1 c2d5076e5f667204 dcda8787ca08baed
0 1 6d9bf4423177beb9 1e624fc76e252b08
0 1 458d58193434c1df 20cc4f41209d8c6c
0 1 336dcd31d0a2dd9e b86df8b58338ba02
0 0 0 0
0 1 cce4fce55a2ec3e9 e151fb75e2aab416
0 0 0 0
0 1 33b713e8d98e77c0 b0c36bb45ef9ebf9
0 1 a6bd78d800ed55ba 3dbb43d46413784e
0 1 dbac78149ca47349 bb96902c00b6278e
0 1 8a01c67a62273710 67f2766c0cb36895
0 1 6d317246c4f54772 16b57c2aa883ceca
0 1 463113698ffd30b1 e70eb64c6c943f82
0 0 0 0
0 1 61385e5dc9b3453b 29472e4e47c7a2dd
0 1 725290001884955b a6b357b60a560150
0 0 0 0
0 1 e41d76fa55b88b94 c6880da93dfbf6f7
0 1 6d3d7f2e9641ba02 e320a8a359d3f427
0 1 fa8a8bd30ac68320 12cd1cd7e5d6237e
0 1 555d28fbad6a9d2b 7d90cc82a8461a8c
0 1 ec89909adc7597a3 540cd84dcc9d0247
0 1 ac2350c5d2fbdcb3 8855fb4bbed24d70
0 0 0 0
0 1 9b7c677c369d77fa e91779ea94f40671
0 1 9a9dbc0c6c8e8326 ca3f0cf0f313b041
0 1 6e8cc340a743a96a bab5916a82275914
0 1 4ee8c59743aa45f4 cf5ca41db52e0b06
0 1 27c03988e77a4c6 191d5cdb3f035caa
0 1 a450ece8981fea74 b7ecb413e142676a
0 1 a0ef3baa4dbea0ca c73878cd2de75d17
0 0 0 0
0 1 4db3f157e91df12 1bad373b7679ca7d
0 0 0 0
0 1 1c46a50eec6d36b1 c1d3a1fa9eca2c4e
0 1 37f7f31f4b35fde 1a24ecadf0c512e0
0 1 93ec95fc19c8286a 6f561b8fcbf2d1d4
0 1 0 0
0 1 0 0
0 1 0 0
0 1 0 0
0 0 0 0
0 1 0 0
0 1 0 0
0 1 0 0
0 1 0 0
0 1 0 0
0 1 0 0
0 0 0 0
0 1 0 0
0 1 0 0
0 0 0 0
0 1 0 0
0 1 0 0
0 1 0 0
0 1 0 0
0 0 0 0
0 1 0 0
0 0 0 0
0 1 0 0
0 1 0 0
0 1 0 0
0 1 0 0
0 1 0 0
0 1 0 0
0 1 0 0
0 1 0 0
0 1 0 0
0 1 0 0
0 1 0 0
0 1 0 0
0 1 0 0
0 1 0 0
0 1 0 0
0 1 0 0
0 0 0 0
0 1 0 0
0 0 0 0
0 1 0 0
0 1 0 0
0 1 0 0
0 0 0 0
0 1 0 0
0 0 0 0
0 1 0 0
0 1 0 0
0 1 0 0
0 0 0 0
0 1 0 0
0 1 0 0
0 1 0 0
0 1 0 0
0 1 0 0
0 0 0 0
0 1 0 0
0 1 0 0
0 1 0 0
0 1 0 0
0 1 0 0
0 1 0 0
0 1 0 0
0 1 0 0
0 0 0 0
0 1 0 0
0 1 0 0
0 1 0 0
0 0 0 0
0 1 0 0
0 1 0 0
0 1 0 0
0 0 0 0
0 1 0 0
0 1 0 0
0 0 0 0
0 1 0 0
0 1 0 0
0 0 0 0
0 1 0 0
0 1 0 0
0 1 0 0
0 0 0 0
0 1 0 0
0 1 0 0
0 1 0 0
0 1 0 0
0 1 0 0
0 1 0 0
0 1 0 0
0 1 0 0
0 1 0 0
0 1 0 0
0 1 0 0
0 1 0 0
0 1 0 0
0 1 0 0
0 1 0 0
0 1 0 0
0 1 0 0
0 1 0 0
0 1 0 0
0 1 0 0
0 1 0 0
0 1 0 0
0 1 0 0
0 0 0 0
0 0 0 0
0 0 0 0
0 0 0 0
0 0 0 0
0 0 0 0
0 0 0 0
0 0 0 0
0 0 0 0
0 0 0 0
0 0 0 0
0 0 0 0
0 0 0 0
0 0 0 0
0 0 0 0
0 0 0 0
0 0 0 0
1 0 0 0
1 0 0 0
0 1 7fff7fff7fff7fff 8000800080008000
0 1 7fff7fff7fff7fff 8000800080008000
0 1 7fff7fff7fff7fff 8000800080008000
1 0 0 0
1 0 0 0
0 0 0 0
0 1 d6a0425b1bbc8697 fb5d35493d42ada9
0 1 db2a822338c204d8 e65baec9e44d4dd6
0 1 be026818c410a055 fe6393528a35b22a
0 1 ad496d1542215590 d8da3a899708c5f9
0 0 0 0
0 1 c6b01672cb67492c 388cac4ff564ca36
0 1 b795e68dd2e52cd9 9e5524c39b005151
0 1 42099d012d382b9c 92cd06b057990216
0 1 417688fb16ecce5a 754dd64633c2ee02
0 0 0 0
0 1 cf5d68c0a231c3d0 97dff29f7c8092a9
0 1 c2fd521571d43f65 a4a0bdce98335e22
0 1 46906b9e0fd3f341 e4f61b372920995c
0 1 177e6f2094649cd1 392c22702c72444c
0 1 c6bfa8edddbe2609 71a3f3cb17972ead
0 1 926db6fc3fc79a9b 1b71e095929a1c5c
0 1 e947e265fa2bc333 155a84e59eb8eec9
0 1 19170b4c4751fb1a ff39faf084c5838d
0 0 0 0
0 1 79ec86c851d11b0e 7728bc5493ae99aa
0 1 a197f818636deee0 f0f0099e21ae460b
0 0 0 0
0 1 5ac5dba710284df4 1d7334c896ed3b2a
0 1 625dea85374ae35f bf9e2882fcf055df
0 1 cf748f4450aad74f 2ac9dbdea444f468
0 0 0 0
0 1 dde452654f311843 1b155b613495067c
0 0 0 0
0 1 97a657d47e2998c4 6517a67df986964d
0 1 35773c1fbefde3c9 a214054647e95f7f
0 1 e888fd75f815d915 4f427cf724f974b
0 1 aa9b2366c54b6843 cba6ff0a715261d1
0 1 109b0ac5c6e619de 1c4bfc260098cb0b
0 1 70318e7e652a6eaf 351e377eed7b7fe1
0 1 870854bcec9cc912 f8342a444368edd5
0 1 c8e1ec9af2114067 9fec72e933a8caa7
0 1 f77399f76b78ea46 f222cdee5ae8b48d
0 0 0 0
0 1 97e4ff86a04d6534 bf9325c5f5dede0b
0 0 0 0
0 1 c1c618e0f19e3eb2 edcf57ee8a0bcff2
0 1 479f03aa05b989e2 c5901048eaf5bf31
0 1 e29d9a7939cff70a f83402162c50a8f4
0 1 6d523b699e6d07ef ff9a6cc18234fff0
0 0 0 0
0 1 c05a7a57b6f1676a ec484636f2c87160
0 1 517f67684eb0003d 89f88acb487a85e9
0 1 e39eedb702f2a77d dc935190adfe5329
0 1 d395dd7b3ddf6c54 9238584c6a2e1796
0 1 ce22d8bcd134b2c 1d0e47423d33fed1
0 1 11848112623e5d 18275989e52ab644
0 0 0 0
0 1 7775db41cd1b29d5 4a19058177f4b284
0 1 1a36ba67727ecf8e 15247f017df08716
0 1 a3a4036ea7ef8281 ac1c3e8f8ea20950
0 0 0 0
0 1 7c1b9c00158bda53 bcfcc485610d8b51
0 1 8f08145214c4a483 54cd2522ffd5248f
0 1 e0cf80f50ad13091 6b5daaf1b2c2b876
0 0 0 0
0 1 7da712cdaf2b1806 8c7acca370dc471d
0 0 0 0
0 1 ff991bc3925887ac 884bd142e30f78ac
0 1 fe759ac4b71eecb 1a96b8610c568ce9
0 1 702d8108f1facc0e 6e651844ba2d289e
0 1 a1c643a769bfc7a7 76bf5af4b9c60b03
0 1 e7d908401b33df3e b0718d23a562403
0 1 556689a3b6aa01fd 3aa2e9164b46bae3
0 1 6ce5346a243a949d 7825d65c66ce7adf
0 1 4fbd9f351003e6ff a40c513f6dc7b983
0 1 b582367ba4dbf92a af45fc88ee50451d
0 1 d5d5dea1729837c 71ef3f359d0a70e
0 1 6b5723475a5b8ef2 845ca80b84e65b52
0 0 0 0
0 1 5f770bf3a80e9d0d 5464f7cb898299b6
0 1 d4dac4d15e6149e5 4e201902cf7c7850
0 1 5bb422c3948fb0ae 42db72c450491f01
0 1 8c055ba3e2c27f93 34db2acf69819da
0 1 d7afd8d8a6e64b24 d60b9a87f727e9
0 0 0 0
0 1 fa08d63725601b5c 332b7d7741942050
0 1 822a44fad19560b9 b2d13c6a2c9a9662
0 1 89e8a798475eae4a 2edf739b65cf0faf
0 1 dea0c95890c3c05e c339ff5be2c0bd16
0 1 5b7182886c02c632 cdf455da758f1221
0 1 cc498c8d269ef474 4e0027ec5f424f0
0 1 f8ed05902ae4024c 48acfb7012154ac5
0 1 fe334c1dcca0cba5 b9375eaf26a1191b
0 1 c01cd52346a5fc17 8cf30d1d7fd7631e
0 1 d79d5475d0405e1d 50f9ddc9d2a5c2e2
0 1 ba421882a160cc17 ba7d56d5a3e93e9b
0 1 e4af27865806de66 d646427f395ed49c
0 1 a751aeadfb7c535d 221d94c4bfa908bb
0 0 0 0
0 1 ab2b6bae03bc6b01 d2b2607301c009bc
0 1 dc7915fb2e722e07 79ad10d4670044d7
0 1 b528adcf8d01c520 5e3245f8409520ee
0 1 eff0696ed0fdbddb 50c702da461b96f0
0 1 98d6f819fb09949c 67d3e4c086e413ce
0 1 d614fe10033222ed 44855a9f43b61e63
0 1 8c25e4a4341d4b40 815219f2cfb22a06
0 1 83e67d5577210d6c 5ba5057ec2ebb0e1
0 1 fe1a09e130cd0ae3 1e3a3fa3871c83b
0 1 2f1f8865e7063df2 b33250af80f97459
0 1 68bd79f515d61543 4f8824ce7fbfa6da
0 1 12d3776951134f45 e4973370a7c46bc7
0 1 27e0239943d4295b 9506018fc6bb0e3c
0 0 0 0
0 1 a64547261a18eb55 e37fdf04fec84911
0 1 db9e6366f4c9eb71 a1fba6a507aa8a17
0 1 ac84737f26a92420 891fef83403a7315
0 1 55215ac6f993d45a d09ed2e03d103879
0 1 df067c2ecadc375f 7ef65a5a94d210e
0 1 f34897e57183c3a5 ea2405d60c7d7299
0 1 46eb8197bffaad fdb6a35613a41644
0 1 3da1a8ecda1eb5f5 7564e27a9103f1ba
0 1 6d40d2caf00b42b e1284126d1a6a31b
0 1 2f543ebab187a627 3d5bb6c0f32f414a
0 1 68331a88170d76fb cfb3dd409b745f81
0 1 e41faaa947189361 f4cf354a418f88a6
0 0 0 0
0 1 f33f0adee67be1f3 c13de95444a48e6f
0 1 f3589bd02d0e6e63 f895be3762f8d937
0 0 0 0
0 1 f49d7aaff89dfda3 628ea260d25b9d39
0 1 108102164a1fc3b9 afff08c6a94a6fec
0 1 6256568680a568d4 613025262c9231ad
0 1 8062f998c619f712 cc4af72e27033a47
0 1 d64acd2149c835ed f3216cf171b74f1a
0 0 0 0
0 1 10fba4d1a368226c d348fbeea3668a67
0 0 0 0
0 1 3e057450ff6e6b6d d48e273326a9bad7
0 1 3d1789be56f25ac3 5d166d104e34ce11
0 0 0 0
0 1 206b81f4ebf72b01 63be6c2c69ab5750
0 0 0 0
0 1 6e67bb955e9f61ac 209b1e95c95226cb
0 0 0 0
0 1 efb7ffa9a1f9246 274dc05e7c135291
0 1 e0a781438506780 e11f3c958b43224
0 1 d6e13a5070741c95 f36254f930933027
0 1 d4a839fa5d38bd9d 121d4cca7f3545c0
0 1 15c4005837ecb444 891e73d8270da27c
0 1 7406cadc275639be 4abbd3f46b665cab
0 1 728221a6a0805a95 4c8b2465d2613859
0 1 d05d921d83ce4220 7a46724a5f98748
0 1 2947195bea6e8c52 751446b151c7e93c
0 1 756f612d68580c29 6844c2ffb533aee3
0 1 460c313d5a8a4fca df70233fa8b57b41
0 1 ad6526797f5fb76a ef8b6185adbede1b
0 1 26af39f93fad629f b2a7c915038c71e3
0 0 0 0
0 1 e410825d162f72a3 d163f0048108907f
0 1 1c60d59e704a61df 6e95726179b7ed51
0 1 c184107d5fadff7f 3d20e14ca04d66ab
0 1 c8219cc0a06b67c7 d9c2429c91733d78
0 1 ad3f932427e4b130 d4e722189109a3d7
0 1 d68795a117ee4665 2339d2fdf17fc3ed
0 0 0 0
0 1 ed104f086701676d 9e9bbe4bd083d1c6
0 1 a0d2a8fe748c6c5f bf03550eeea4c357
0 1 fd1f80aaf37a6dab ec0aa987acae8b6a
0 1 6f0a454a1913e75e 35ef61d707185b1f
0 1 84154cc3aa4e9ca0 2c252313e56a919e
0 1 bfeb66b745ee7b 5ecc0d90bc1770ba
0 1 4e46d819c785f515 ae7f0720d8d4ce2f
0 1 1c146aab7df3f31b a6cbf1f926c2df33
0 1 5a2bee0d76b87bcc e8a1183932cc1579
0 1 df7c57ff2381b14c 78252458960a3bc6
0 1 5ad2b31dc20722d4 42ccf8ccccb02dad
0 0 0 0
0 1 6a52d7d31d412bc9 b644cf4d8b83e34b
0 0 0 0
0 1 468b8df232e16d37 1670389f935db5c0
0 1 bd40adbb0954c1ab ab5b28f3dffcd927
0 1 347df09b734bd2b6 d1192b1cc109ba42
0 1 b3fccdf7fe8c7563 ff0af0b4c2a9d57b
0 1 8bd8a978535359a2 aaf77de34ea6fa1
0 1 882158a982de33cb 77a2a5d7800e9426
0 1 7019aee36271c40b bdf1d4aec5e0781d
0 1 3d755bf9ab317337 b8789e6337b09bea
0 1 64ba06e913fd59fd 26fd2e84a55c49a
0 1 55a5e6991a416e6f a9832a981f000f30
0 0 0 0
0 1 ca897f36ef13d2a c6a842d631e58e67
0 0 0 0
0 1 18f4bf947b67a4d1 4815478f0e550641
0 1 62f5cf25e46f0ad6 7bad7484b96b5258
0 1 f026c59815fedbb9 b59f8f82b15b7be9
0 0 0 0
0 1 b60af2ac28942bc5 efe3ea3c8b8c9921
0 1 91393fb0c8febdd2 3bc161c45a032680
0 1 5709c2dfd8be3355 95681495abcbe252
0 1 af1924ab2a1d7526 4365c901432bea4e
0 0 0 0
0 1 e905afe0787ff574 879d10be54814a91
0 1 63027e14fba3468e e897ba8894ad038e
0 1 459cb5d0214d2728 b0c4cceecfa7196a
0 1 21519b42155fe302 9340cb661761cf29
0 0 0 0
0 1 15934154a6110fe8 53098435458bd853
0 0 0 0
0 1 2fca54101208ba73 9d57644af359a28a
0 1 84e6c17ba43bcdb6 c79bdb1c53a56099
0 1 4093075d4e4625e4 adb976556ce9048d
0 1 1251916d1bf1760c 1513be84a4447403
0 1 153d82838bf0f379 4945670705e31bc6
0 0 0 0
0 1 b9b43d8252a4d98c 55d46b5d7b322895
0 1 e77892dbdf821529 c2a2474d126582d2
0 0 0 0
0 1 bd3445e197985aea 14f83deb85a9c5f7
0 1 1e8356bc18fef05e ae9626e26abc0506
0 1 3fbcf72c8eff4206 aba1999b7656917e
0 1 268ced4ecb735d6a 9fc430a559a5a5e9
0 1 c54d6f681b2dfd79 40a2ff6628ba36d4
0 0 0 0
0 1 bd657f03e9fd36d0 27968a57447f8ebc
0 1 28fef729b8efe85b 8cba32d91a729040
0 1 43f99f776ec7585a 3db47094bba49eb6
0 1 3b315e567adeed12 1ee7155edb092f43
0 1 d3779642cda50a00 3ea7e3486c54f9d0
0 1 a5cd4ae94f53fdc4 53c65cf9ac179c84
0 1 d03224b2a84854eb b4feb4473863259f
0 1 e485755cda79604f 7ef648866198f9c1
0 1 4b2a679121f7ceb7 8b2ff9edf3e183f8
0 1 b4e3c2a8fb234fc4 8edf53474a3c7afc
0 1 290dfc7ef6b2f18b 164b92e6116ebbc4
0 0 0 0
0 1 7865de3152db6ae8 4e82385ccdec7740
0 1 d92823a0a8175156 2966fe444be62ba7
0 0 0 0
0 1 d919c77f7549a293 5adac2d4ac47ef7f
0 1 8200dc0296b62409 486bbbe20ec14cb9
0 0 0 0
0 1 acad3d172e90f1bc 2b5f3210e1766e0a
0 1 290603cde0b07db6 c179e5e97298046b
0 1 19a67b51ca386e52 c938c50848fcb81f
0 1 61b2abd8ac530ae3 1fc3a09af4f5fc12
0 1 10d1c866057e5dc8 6dbb1c73485bc0f8
0 0 0 0
0 1 812bb35b3128e4cd 2fa14b273af78702
0 1 20af133f7d4c0a5e 38f9b493438d59dd
0 1 5decbea859d59645 f6daa10b1f0403c7
0 0 0 0
0 1 3b81f90ee1ef400e 18abaedbe229e5ae
0 1 e8606d35609e05ca 23a13c95dcf4323e
0 1 3706ca94c3cb955b 97312da0c68b278b
0 1 96a140d12a6cf558 1dace42a40af9beb
0 1 ff3e78c1cd1ad19b 1382cdc84de15430
0 0 0 0
0 1 b38aefdda27239c1 7ffb3bdbeaa9bad
0 1 f357e206f0c70c69 fb1d1339a1358325
0 0 0 0
0 1 694720cac7dda364 935824a72f0c53fc
0 1 47acb9b27fb661c0 693bbfc3944fcce4
0 1 a1ac1c1a849bf6ea c9f8fa5df8a56c47
0 1 31298fa3b57f417b f0231e64d308ca90
0 0 0 0
0 1 3893a207d7ee959a a54502bd68a6cc8e
0 0 0 0
0 1 e9ea539d1840ea8e ebb0b7d7a4d725a5
0 1 ff5665759f08db49 3c8829b137a9b6ef
0 1 f567d0ae19dbbf42 c33f668bf301bdad
0 1 c586918370b80cfe 7c4aa01254cf68cb
0 0 0 0
0 1 2076fe31e74cb41c 518e381da17e3c5c
0 0 0 0
0 1 7b9fb84db36894f9 b7b3775f1c6e39f7
0 1 139a28f21d3ddc1f 511f451415044ff1
0 1 539160b820dec88c 57db27367c6304c2
0 1 344facc2da3ecc05 2a701db087d1175f
0 1 688706df2ce82e4b bfb8bce16563e752
0 1 454fc18dbc0d8954 3dd44c9453c1f2c8
0 1 5e77b2ba309565be f7d902b1942bde69
0 1 53787223b214bad6 72238384e0b6656d
0 1 268b6f710324e2eb 5e811bd46f9cd348
0 1 91dc240cc1eae3b3 29ec6fafd60de317
0 1 9efd28630a464df2 91c6109781cdeb91
0 0 0 0
0 1 c5ed1729b0b1c28f e74aa9c9ff159662
0 1 7b4b4c80722abfd7 23a839d722653447
0 1 ef11c7816cfc084f 6358023e5d780ee6
0 0 0 0
0 1 ccf7a7e4092c48a2 ee4a36eeaf612094
0 1 675207fd05a7b6b5 b65d2ac13e869c53
0 1 e55cab156c0c0fa6 4f166327f6c8db1d
0 0 0 0
0 1 3da5749350a85410 39b4216fd18684be
0 1 ba8c9e05795a8d59 fc8c6b8db5b1057f
0 0 0 0
0 1 faf3d764f8f72dd3 92f1e3a255b1478
0 1 5a723ba3d75a7309 95f5c06acf484db7
0 1 139f28991b5e9622 d227b8554feb3d23
0 1 d051457821a0cf24 ab6f88ea7e523fce
0 1 537295339af631ae 70864f9dcaa0e455
0 1 17612f6a05783db1 7956833bc3a56506
0 1 a25e55396b59a10b 197647fe23ce50fc
0 1 8467af4885ff3f34 608057bbd285c179
0 1 10a51d379c30a45 2616a24b2f6ec007
0 0 0 0
0 1 3f0766138a549c06 c4b82d2f5f1a1a1
0 1 2fef3768005d4873 e793ba753e85edfc
0 1 eb49cc4dafb69e5 4e5156863445187
0 1 2fe4c436584b0963 93491e5979a613af
0 0 0 0
0 1 3a3e2e2a86c3944f c95f4c2df889e786
0 1 912ff44f59542b50 3ce79acabe9ada8e
0 1 a17eb5031dcc173d 1eeb11c8dbd07d6d
0 0 0 0
0 1 2a18a27a39544a25 b42dfc3619454465
0 1 afcc49377f00b515 bcdd6f0998a1db5e
0 1 5b31ab844a65cfae c40313df0af3dcf9
0 1 22ca12a6a179f125 de9a2c968deaeb75
0 0 0 0
0 1 5d843e4879ead26c dca35a283effb6eb
0 0 0 0
0 1 572411d9a7b3aef2 293d6cdff2227d02
0 0 0 0
0 1 d117a269a8f7a2d1 384177ced499b14e
0 1 f11b83805eda6f90 5a6f5c8e791b7a6e
0 1 8f8aceb68fd13924 66e69da5c16e540e
0 0 0 0
0 1 7b07e0673d526fd1 20b44f9d486ba47d
0 1 e4db918ded00c69c 7a7e26f90b22b5d
0 0 0 0
0 1 5169e3dcd46ed623 35d7e5144c72ece7
0 0 0 0
0 1 1b75fe15b7c49c1a d9d7a01001a0eb5f
0 1 1d0bf91433a8a40e ab163951c170f851
0 1 c500e99476ee210e 2504d5b197829b74
0 0 0 0
0 1 76cdf0b51f2fc371 a840a1e18781ef3c
0 1 219b3d6240c4face 2d588d1a465c0a27
0 1 de2661f148aef5f7 fe8b640cd5aa8f59
0 1 b5e9888b2987cba6 d5a4626d5d5362a0
0 1 dc24dc494f34cab8 beab3558ecdf49b0
0 0 0 0
0 1 cffec27f06838500 2895ac28c3d85685
0 1 e2f9495253f38d67 b6c0c8ff7a2a9934
0 1 c78e2b39ba8205ff af04cbf570f2ae3e
0 1 f42b637671880887 947d0d270e3c7b2b
0 1 b5da42e510d0095a 829eee231f0f918a
0 0 0 0
0 1 c7aae8b2cfa216c7 6a6813c3765563f1
0 1 aef2a078e25d0595 94c570e977138b77
0 1 a8212ab3b9d72641 67c86a1d6bb4d524
0 1 98a5ee7b0b375b37 d84c5f8920d8c955
0 1 dc1c0813e1c1b761 43cc55b301f101b6
0 1 9a662e62198249c3 f65d336fce15b2f9
0 1 94b638718171ba0c 8bab0c30a7a05faa
0 0 0 0
0 1 c85f97c0a873543b 5f55458b99cdc6bf
0 0 0 0
0 1 dfce5b629a7eccda cb666fd887164057
0 0 0 0
0 1 bcfb7459c0814622 187cde139fef205d
0 1 7fad8c7e365c9bc3 b189899a25a75ec7
0 1 65e956eefe4d28e1 714b11c034ea7484
0 1 ef18638aa47d6f4c a36680e620020f86
0 1 fc85eb8c5084055f 1fd67d5fd22ac29d
0 0 0 0
0 1 77374935bd9a1ca3 702a00054381f144
0 1 364c9233051235bc 5828ca244375b4c1
0 0 0 0
0 1 73719361e0f9fe74 6878b61c415758e7
0 1 f2a1da199aec5209 f45c1be448ce9718
0 1 a020e9ff7b40dc7d 71aee6201dfaf0ee
0 0 0 0
0 1 dc686acc3976d198 7c6c317324d32785
0 0 0 0
0 1 3f1a588efc2c57dc d1a60d267dca192c
0 1 10d9686e180e6955 2ce8fd3f3d08521d
0 1 4823dec48798929d 690ccc5674a61ef5
0 1 90a961cd263e90fe abdf45f21be45dfc
0 1 4886066314e1999 8d5c2d3c8c483e08
0 1 780b911677b5343d 46571d14711a2bd7
0 1 d01b800cec986890 a707e5f7dee30737
0 0 0 0
0 1 168b00656d93d4e8 7f79a59b81a56665
0 1 4af34dd0350fac8b 2b71f2015ec70da7
0 0 0 0
0 1 8dcb9d53d67fbfa0 eecc7da71816941
0 1 ccf760f39c145ab1 f084bcf0557ae431
0 1 241bdd8719c79727 a32b688c9e70d670
0 1 b3afd1890ad154de 2252d72cc455a5aa
0 0 0 0
0 1 b805f0f8b9235898 b602e1164302483f
0 1 ba23c92e42d62012 ee0757ff411f51de
0 1 59f95aece8237fdd e051c4b8bde1a7d2
0 1 dca549362affeb90 25b265c072f16285
0 0 0 0
0 1 5a8c6328996bec6c dd1268ffc6c9e0b8
0 0 0 0
0 1 9a5ba83ebd06aaf2 a0a496d6fbfb118e
0 1 e0e36f3c478aa941 7ebf418c320a7d76
0 1 4865fc7e82a4b56e e0a70114df912f93
0 1 710f67669f154c8e 2a830f713e838412
0 1 14d1a0770fedb162 563840e091441608
0 1 5f951d894950aefe 4555094a6b29b221
0 1 a8406883d0c33528 49e8cf64c23a93cf
0 1 7053c2197d79bee5 fb349dce9e247516
0 1 d1e195bd365e39f3 fec8f9dc1dfb1850
0 1 35e4aa107e4734d7 2d831f2ad5dcd10b
0 1 bca954c4565ffefc ba6917972b13e8ce
0 1 0 0
0 1 0 0
0 0 0 0
0 1 0 0
0 0 0 0
0 1 0 0
0 1 0 0
0 1 0 0
0 1 0 0
0 1 0 0
0 0 0 0
0 1 0 0
0 1 0 0
0 1 0 0
0 1 0 0
0 1 0 0
0 1 0 0
0 1 0 0
0 1 0 0
0 1 0 0
0 0 0 0
0 1 0 0
0 1 0 0
0 1 0 0
0 1 0 0
0 0 0 0
0 1 0 0
0 1 0 0
0 1 0 0
0 1 0 0
0 1 0 0
0 0 0 0
0 1 0 0
0 1 0 0
0 1 0 0
0 1 0 0
0 1 0 0
0 0 0 0
0 1 0 0
0 1 0 0
0 1 0 0
0 1 0 0
0 1 0 0
0 0 0 0
0 1 0 0
0 1 0 0
0 1 0 0
0 1 0 0
0 1 0 0
0 1 0 0
0 1 0 0
0 0 0 0
0 1 0 0
0 1 0 0
0 1 0 0
0 0 0 0
0 1 0 0
0 1 0 0
0 1 0 0
0 1 0 0
0 1 0 0
0 0 0 0
0 1 0 0
0 1 0 0
0 1 0 0
0 0 0 0
0 1 0 0
0 1 0 0
0 1 0 0
0 1 0 0
0 1 0 0
0 1 0 0
0 1 0 0
0 1 0 0
0 1 0 0
0 0 0 0
0 1 0 0
0 0 0 0
0 1 0 0
0 1 0 0
0 1 0 0
0 1 0 0
0 1 0 0
0 1 0 0
0 0 0 0
0 1 0 0
0 1 0 0
0 1 0 0
0 1 0 0
0 1 0 0
0 1 0 0
0 1 0 0
0 0 0 0
0 1 0 0
0 1 0 0
0 1 0 0
0 0 0 0
0 1 0 0
0 0 0 0
0 1 0 0
0 1 0 0
0 1 0 0
0 0 0 0
0 1 0 0
0 1 0 0
0 0 0 0
0 1 0 0
0 1 0 0
0 1 0 0
0 1 0 0
0 0 0 0
0 0 0 0
0 0 0 0
0 0 0 0
0 0 0 0
0 0 0 0
0 0 0 0
0 0 0 0
0 0 0 0
0 0 0 0
0 0 0 0
0 0 0 0
0 0 0 0
0 0 0 0
0 0 0 0
0 0 0 0
0 0 0 0
